136 
143 
150 
158 
165 
172 
178 
185 
191 
196 
202 
207 
211 
215 
218 
221 
224 
226 
227 
228 
228 
228 
227 
225 
223 
221 
218 
214 
210 
205 
200 
195 
189 
183 
177 
170 
163 
156 
149 
141 
134 
126 
119 
111 
104 
97 
90 
83 
76 
70 
64 
58 
53 
48 
44 
40 
37 
34 
32 
30 
29 
28 
28 
29 
30 
31 
33 
36 
39 
43 
47 
52 
57 
62 
68 
74 
81 
88 
95 
102 
109 
117 
124 
132 
139 
147 
154 
161 
168 
175 
181 
188 
193 
199 
204 
209 
213 
217 
220 
223 
225 
226 
227 
228 
228 
227 
226 
224 
222 
219 
216 
212 
208 
203 
198 
192 
186 
180 
174 
167 
160 
152 
145 
138 
130 
123 
115 
108 
100 
93 
86 
80 
73 
67 
61 
56 
51 
46 
42 
39 
35 
33 
31 
29 
28 
28 
28 
29 
30 
32 
35 
37 
41 
45 
49 
54 
59 
65 
71 
77 
84 
91 
98 
105 
113 
120 
128 
135 
143 
150 
157 
164 
171 
178 
184 
190 
196 
201 
206 
211 
215 
218 
221 
224 
226 
227 
228 
228 
228 
227 
225 
223 
221 
218 
214 
210 
206 
201 
195 
190 
183 
177 
170 
163 
156 
149 
142 
134 
127 
119 
112 
104 
97 
90 
83 
76 
70 
64 
59 
53 
49 
44 
40 
37 
34 
32 
30 
29 
28 
28 
28 
30 
31 
33 
36 
39 
43 
47 
52 
57 
62 
68 
74 
81 
87 
94 
101 
109 
116 
124 
131 
139 
146 
154 
161 
168 
175 
181 
187 
193 
199 
204 
208 
213 
216 
220 
222 
225 
226 
227 
228 
228 
227 
226 
224 
222 
219 
216 
212 
208 
203 
198 
193 
187 
180 
174 
167 
160 
153 
145 
138 
130 
123 
115 
108 
101 
94 
87 
80 
73 
67 
62 
56 
51 
46 
42 
39 
36 
33 
31 
29 
28 
28 
28 
29 
30 
32 
34 
37 
41 
45 
49 
54 
59 
65 
71 
77 
84 
91 
98 
105 
112 
120 
127 
135 
142 
150 
157 
164 
171 
178 
184 
190 
196 
201 
206 
211 
215 
218 
221 
224 
226 
227 
228 
228 
228 
227 
225 
223 
221 
218 
214 
210 
206 
201 
196 
190 
184 
177 
171 
164 
157 
149 
142 
134 
127 
119 
112 
105 
97 
90 
83 
77 
70 
64 
59 
54 
49 
44 
41 
37 
34 
32 
30 
29 
28 
28 
28 
29 
31 
33 
36 
39 
43 
47 
51 
56 
62 
68 
74 
80 
87 
94 
101 
108 
116 
123 
131 
138 
146 
153 
160 
167 
174 
181 
187 
193 
198 
204 
208 
213 
216 
220 
222 
225 
226 
227 
228 
228 
227 
226 
225 
222 
220 
216 
212 
208 
204 
198 
193 
187 
181 
174 
167 
160 
153 
146 
138 
131 
123 
116 
108 
101 
94 
87 
80 
74 
68 
62 
56 
51 
47 
43 
39 
36 
33 
31 
29 
28 
28 
28 
29 
30 
32 
34 
37 
41 
44 
49 
54 
59 
65 
71 
77 
83 
90 
97 
105 
112 
119 
127 
134 
142 
149 
157 
164 
171 
177 
184 
190 
196 
201 
206 
210 
214 
218 
221 
223 
225 
227 
228 
228 
228 
227 
225 
224 
221 
218 
215 
211 
206 
201 
196 
190 
184 
178 
171 
164 
157 
150 
142 
135 
127 
120 
112 
105 
98 
91 
84 
77 
71 
65 
59 
54 
49 
45 
41 
37 
34 
32 
30 
29 
28 
28 
28 
29 
31 
33 
36 
39 
42 
47 
51 
56 
62 
67 
74 
80 
87 
94 
101 
108 
116 
123 
131 
138 
146 
153 
160 
167 
174 
180 
187 
193 
198 
203 
208 
212 
216 
219 
222 
224 
226 
227 
228 
228 
227 
226 
225 
222 
220 
216 
213 
208 
204 
199 
193 
187 
181 
174 
168 
161 
153 
146 
139 
131 
124 
116 
109 
101 
94 
87 
81 
74 
68 
62 
57 
51 
47 
43 
39 
36 
33 
31 
29 
28 
28 
28 
29 
30 
32 
34 
37 
40 
44 
49 
53 
59 
64 
70 
77 
83 
90 
97 
104 
112 
119 
127 
134 
142 
149 
156 
163 
170 
177 
183 
190 
195 
201 
206 
210 
214 
218 
221 
223 
225 
227 
228 
228 
228 
227 
226 
224 
221 
218 
215 
211 
206 
201 
196 
190 
184 
178 
171 
164 
157 
150 
143 
135 
128 
120 
113 
105 
98 
91 
84 
77 
71 
65 
59 
54 
49 
45 
41 
37 
35 
32 
30 
29 
28 
28 
28 
29 
31 
33 
35 
39 
42 
46 
51 
56 
61 
67 
73 
80 
86 
93 
100 
108 
115 
123 
130 
138 
145 
153 
160 
167 
174 
180 
186 
192 
198 
203 
208 
212 
216 
219 
222 
224 
226 
227 
228 
228 
227 
226 
225 
223 
220 
217 
213 
209 
204 
199 
193 
187 
181 
175 
168 
161 
154 
146 
139 
132 
124 
116 
109 
102 
95 
88 
81 
74 
68 
62 
57 
52 
47 
43 
39 
36 
33 
31 
30 
29 
28 
28 
29 
30 
32 
34 
37 
40 
44 
48 
53 
58 
64 
70 
76 
83 
90 
97 
104 
111 
119 
126 
134 
141 
149 
156 
163 
170 
177 
183 
189 
195 
200 
205 
210 
214 
218 
221 
223 
225 
227 
228 
228 
228 
227 
226 
224 
221 
218 
215 
211 
206 
202 
196 
191 
185 
178 
172 
165 
158 
150 
143 
135 
128 
120 
113 
106 
98 
91 
84 
78 
71 
65 
60 
54 
49 
45 
41 
38 
35 
32 
30 
29 
28 
28 
28 
29 
31 
33 
35 
38 
42 
46 
51 
56 
61 
67 
73 
79 
86 
93 
100 
107 
115 
122 
130 
137 
145 
152 
159 
166 
173 
180 
186 
192 
198 
203 
208 
212 
216 
219 
222 
224 
226 
227 
228 
228 
227 
226 
225 
223 
220 
217 
213 
209 
204 
199 
194 
188 
182 
175 
168 
161 
154 
147 
139 
132 
124 
117 
109 
102 
95 
88 
81 
75 
68 
63 
57 
52 
47 
43 
39 
36 
33 
31 
30 
29 
28 
28 
29 
30 
32 
34 
37 
40 
44 
48 
53 
58 
64 
70 
76 
83 
89 
96 
104 
111 
